10 10
 0.2823189886863295 0.3241673667989557 0.4120457997913302 0.3843592866606242 0.4187305817236092 0.1562590879851003 0.2328196154258618 0.3321779161823389 0.2819596088128865 0.1476855623797629
 0.3241673667989557 0.3878149847825184 0.4908810499805026 0.4372970828411339 0.4683208102392505 0.09802762486404978 0.2430084506232221 0.280881010034519 0.2261020793567989 0.1266619187589454
 0.4120457997913302 0.4908810499805026 0.6216008710065255 0.5563786275389162 0.5969312515999893 0.1353871592624911 0.3121083997785594 0.3703466662242398 0.3003356774517402 0.1666852221970927
 0.3843592866606242 0.4372970828411339 0.5563786275389162 0.5243251444409165 0.5733042949667339 0.2338007293658049 0.3232634028279664 0.4782567626653799 0.4091415772604058 0.2121705088889121
 0.4187305817236092 0.4683208102392505 0.5969312515999893 0.5733042949667339 0.6310381011372789 0.29688491243061 0.3647744549160477 0.5731204006375393 0.496330542625228 0.2533815788675651
 0.1562590879851003 0.09802762486404978 0.1353871592624911 0.2338007293658049 0.29688491243061 0.5112724377474763 0.2557968506807227 0.7085408642950617 0.6656983220504226 0.3057112148419825
 0.2328196154258618 0.2430084506232221 0.3121083997785594 0.3232634028279664 0.3647744549160477 0.2557968506807227 0.2299298584184854 0.4307238632390796 0.3848138879763167 0.1887184969724596
 0.3321779161823389 0.280881010034519 0.3703466662242398 0.4782567626653799 0.5731204006375393 0.7085408642950617 0.4307238632390796 1.038922268589109 0.9612488157620236 0.45040984519814
 0.2819596088128865 0.2261020793567989 0.3003356774517402 0.4091415772604058 0.496330542625228 0.6656983220504226 0.3848138879763167 0.9612488157620236 0.8930411290910469 0.4162060005653481
 0.1476855623797629 0.1266619187589454 0.1666852221970927 0.2121705088889121 0.2533815788675651 0.3057112148419825 0.1887184969724596 0.45040984519814 0.4162060005653481 0.1953453980773113


